152204
152210
155105
000441
150903
154111
000435
154110
154107
150902
000677
157317
000765
158208
000755
000864
157309
000749
000837
000801
007308
157314
157312
157313
157310
000833
000830
000746
000804
000805
157315
000754
000758
157311
000849
000847
158209
000839
157300
157329
000736
000743
157223
156211
156212
000745
157206
151602
157200
000352
153109
153108
153208
000349
000250
000241
153107
152129
153103
000341
153235
000353
153223
000373
000369
000393
000304
153201
153203
000260
000240
000370
153111
153110
000395
000607
000687
000812
000844
000686
000809
156306
000690
156126
000659
000657
151503
156114
156130
157101
000647
156123
156122
000625
006200
000457
000404
000552
000468
000469
000700
000650
157102
000698
000730
000640
000791
156113
000727
000477
000608
155231
155229
155115
000635
155121
000503
154101
153101
153206
000374
154103
154112
154102
154106
153327
000325
000332
000320
153102
000333
152107
000301
153114
000340
151208
000547
151204
000543
151209
000618
155201
000541
000536
155212
000542
155200
155207
000501
151210
156106
151212
156103
156111
156109
156104
155450
151213
155223
156100
000548
155202
155209
155218
155112
155107
000534
155224
155213
151205
151207
155122
156102
151214
155217
000616
000638
000539
000546
155214
155205
150208
150201
150204
151500
150205
150207
150206
152409
000150
153315
000278
152406
152401
150209
152402
000281
000390
000806
158301
158308
158310
000851
000846
000840
000207
000247
000237
000238
152106
152132
000248
152128
152126
152127
150001
000255
000235
152111
000230
152103
000208
152101
000231
152100
000708
000818
000788
000781
000783
000778
000785
007415
000880
000883
000881
000879
158326
000878
000786
000827
000779
000762
000815
000803
000776
000823
000764
000787
157414
000826
000780
157418
000882
000822
153300
153226
153225
153312
153307
003308
000211
000383
003317
000322
153311
153313
153316
000219
153319
153322
153320
000310
153314
000385
000901
000807
000875
158325
158321
158328
000853
000860
000877
158323
158318
158317
158327
000132
151100
000135
150112
000459
