100090
201204
106067
221110
100113
106077
220405
105057
106065
105142
105111
220814
220812
107055
106122
106022
114131
113139
100030
112142
113067
113082
113091
112066
114065
113016
113086
100025
113128
113088
113087
230003
230002
230717
109085
230004
230001
213504
113244
203501
114106
115092
204702
115126
204604
115101
115098
115078
204501
115128
117006
204506
115084
115082
100055
112068
230705
114067
114072
115076
113101
107033
107035
106084
201301
110051
202404
109095
105104
104060
105040
105046
221506
106121
211404
109045
109048
110040
109014
113136
204710
116046
116022
214500
116073
116043
115088
115087
110041
111057
111085
111089
202801
111067
111088
111159
111087
240503
240502
240302
103052
240106
103023
240401
105078
104061
113251
240402
102006
111081
112124
111091
111062
202902
111144
111114
111061
112082
111077
202903
111093
111291
112080
111092
110042
110053
111084
110056
110063
202601
110059
110092
110020
110057
112096
112128
112133
112135
112127
112081
112130
103057
240001
103009
240202
240111
103012
103014
240112
103013
240109
102009
240110
240304
240102
100132
100080
220107
221402
104098
220105
104065
240005
104010
240108
105095
250101
251100
105092
105091
105090
104067
251104
251102
100034
116052
117031
214700
117024
100059
250503
105100
100105
105024
105023
220509
105015
104044
200322
104014
270500
114040
116060
116075
117041
115053
270200
115047
115140
210103
114047
114035
100065
115138
210406
210405
114096
114049
260501
114043
116009
107069
107095
221804
107013
107089
106094
106115
221802
110127
107101
100019
106095
105103
106112
106110
221801
106096
215000
100016
117043
117030
117054
117060
117049
117013
117039
117014
211705
103043
103041
103008
108021
108027
113153
113009
111174
250502
110143
111039
111070
230801
230803
111099
108043
107059
211004
100136
107092
220204
108046
108048
201717
108044
211002
211003
106049
201001
106037
106060
106120
200801
105122
105121
112038
106057
221106
100015
105067
105062
105065
105053
105058
105074
105107
105056
107006
107038
106038
106039
106019
100092
107036
106056
106068
100044
114046
230503
113035
100101
250303
112154
114033
250308
114030
112036
113037
250405
100100
113122
250301
100024
113116
100114
113041
113034
113031
112060
112067
112065
213502
112051
112012
112163
100120
100020
221811
109003
109020
221309
110025
109077
109027
221820
108025
108033
109028
109021
231101
109032
108034
109022
113058
114020
114008
213500
113010
100043
113081
113061
230712
114018
114021
115029
115024
115020
115043
204905
117005
115019
251001
112069
113021
100127
114023
114055
213600
115015
115017
114044
113022
113100
220213
107002
107028
107018
100037
107093
220205
107016
107017
220206
107037
107005
107008
107068
220201
106010
221303
106034
106058
106054
220611
106053
106061
107052
201207
107058
107057
110016
109038
108103
108064
108017
109017
106011
105075
105079
221501
105068
105042
109046
109040
109016
110018
109019
110039
108047
109018
113029
113225
113025
114117
113059
113138
114108
116017
116020
116003
204708
204707
116005
204621
204504
116013
115018
116011
100026
115133
204617
116014
115085
115089
115129
115086
115021
115025
115041
115022
115090
116058
110019
111026
202802
111151
203101
113140
203302
112058
203303
111022
202701
116006
112061
103046
118002
111027
203003
202904
112055
112126
111175
202905
111086
202930
111163
111018
111004
110021
202607
212301
110017
112057
112134
103049
240103
103024
103044
103015
100128
104057
220108
230603
104056
103031
103054
104071
100109
110129
117002
116025
116051
100150
204804
116023
116021
116049
100142
117008
117007
110037
110007
110028
105063
104084
104058
104059
104097
104019
105055
105096
105064
105022
105070
105016
105013
100126
200415
105106
108007
100131
104090
104016
104079
104080
105105
105012
100110
100088
115052
115049
100021
115051
116033
114041
210102
115035
114042
114039
114058
113119
116061
270700
210502
116029
270503
210301
116027
116026
115037
210201
210101
100081
115027
115046
270300
115044
114038
114034
115038
114093
114050
210407
115033
106014
106088
106083
107012
106091
106092
106032
106016
100104
106043
230504
107010
230715
106098
107091
221813
106119
106013
100138
106101
106040
230700
100137
118004
117003
214901
117018
117015
117037
117019
205010
117016
117012
117020
117033
103038
100072
200202
103036
103042
103040
108028
231201
100121
250103
114006
114066
203601
100046
112083
230931
112037
100119
111031
111097
110008
250501
111095
111005
111583
111038
111029
111030
111076
111046
112056
112028
112059
108068
100028
107054
108001
107009
108045
106046
106109
106036
106042
106047
105076
106108
112171
111060
202906
111023
202910
4726E508
4726A602
47E1F02E
472B3006
472680EE
4726D092
4727F484
47269398
221008
105136
472A571A
4726706A
47E1C5B4
4724D566
47E1E358
47E3055E
114132
47294362
113252
472976F8
472A6280
114125
114126
4726158C
47E8B578
472E025C
114118
114123
4729A090
114124
112264
4729658E
47E880E2
210007
4722A338
113254
113247
113255
4729867C
472935F2
472897F0
472852EE
4727C11E
4729950A
472A9204
4720CDF8
47292684
4728F216
4728C78C
472811E4
4729131E
112269
472D0552
472B730C
4720EB14
47E845FC
472DA5AA
47270400
472D1624
4727A4F8
109094
4728A26A
4728B11C
4728E160
47283708
47E3834A
47E373CE
472ED434
47265686
47E8A60E
114119
115150
47280292
4729D600
113248
47290068
114127
114121
47262016
472645F0
4729F0EC
472A32FC
4726631C
472501F4
4726C3E4
47E94706
47E1D6C2
47E35522
472C92CA
4727470A
472C81BC
109091
472182DA
47259496
47E89394
110138
472B55E0
472B607A
472B2370
220907
109096
4725A10C
211408
113253
47263360
113246
116085
472147C4
116077
472EE1AE
116078
47E3B6D0
4722E032
47E26242
47E360B8
116081
47E27134
116084
472D23BE
214400
4723D752
47E3A5A6
112265
112281
212200
4725F170
212900
113249
472191AC
47E214D2
47E34654
47E22148
4729E39A
472722EC
103065
101004
47E257D8
47E330C4
47E323B2
47E2323E
472CE45A
212700
212604
472D73C2
212605
472EC742
472E24B0
472CA750
110139
4724966C
472364DC
47271776
47252718
4727547C
47288486
112279
47E8336C
47E8201A
472587E0
4723F1BE
110137
4725D79C
105143
47E0F2D4
47E0E1A2
47E0522C
47E281B0
472606FA
472FC5B8
472FF022
47E9177A
47E0C74E
472FE354
472761E6
472F86B2
47E0415A
472F6540
47E037CA
472FB328
47E08444
472F7636
47E067B6
472FA05E
472F95C4
47E074C0
47E0B1DE
472FD6CE
47E0D438
47E09732
472DD33A
47256412
472E4156
472CB426
270202
4721B992
4721AAE4
270001
472E112A
47251282
210003
472DE6A0
47E3903C
472E37C6
472CF72C
210006
4724851A
4723013A
47E2E456
47E13530
47E1A052
4722F344
47E143A0
47E195C8
47E113DC
47E2B42A
47E2C2BA
47E1654C
47E12646
47E186BE
214800
47E2D1CC
47E292C6
47E150D6
117059
47E2A75C
47E1763A
47E1B324
47E024BC
472EF2D8
472F264A
472F43AC
472F00A6
47E01126
4724A3F6
472F13D0
472F353C
47E86310
47E8568A
47E87066
213403
472DF5D6
4725C4EA
47257764
111288
472D9030
211001
472D30C8
472D8346
107131
472D60B4
472E74CC
472EB1D2
107130
4727319A
472E5220
472EA2A4
472D552E
47E0A2A8
472CC2B6
106140
47201542
472F50DA
4726F67E
472A218A
112278
212500
111286
112277
112181
472AC278
111290
47278214
112193
