10000002858
10000003412
10000015968
10000019581
10000020040
10000023871
10000026137
10000028644
10000042299
10000042531
10000044526
10000044585
10000047495
10000051891
10000053355
10000054211
10000055331
10000059230
10000059477
10000059540
10000061200
10000064535
10000064837
10000066155
10000073712
10000074671
10000075081
10000076304
10000080573
10000080913
10000081243
10000082665
10000084412
10000085613
10000089287
10000094922
10000097034
10000103760
10000105983
10000109032
10000110235
10000111045
10000123213
10000123809
10000125356
10000128665
10000130121
10000130945
10000135190
10000137397
10000137982
10000138393
10000143788
10000145501
10000145781
10000149042
10000149883
10000155271
10000155280
10000155662
10000155751
10000157886
10000160372
10000160666
10000162839
10000165838
10000174276
10000178107
10000181434
10000182945
10000184271
10000187823
10000192550
10000193386
10000196610
10000202083
10000203381
10000221959
10000223234
10000224958
10000226128
10000228911
10000231181
10000231466
10000234741
10000235071
10000237634
10000241534
10000248610
10000250860
10000254181
10000254474
10000254512
10000260318
10000266715
10000268777
10000268831
10000273118
10000275129
10000282125